version https://git-lfs.github.com/spec/v1
oid sha256:2c30b26115c7f9acaa498f32829ba1f6a31421b37c5ca7e1ba1198e515e51d8b
size 10672
