version https://git-lfs.github.com/spec/v1
oid sha256:b44af68bb8edf617fc65b828f4110496a62b15895a0e833970ff6474d056049b
size 106327
