version https://git-lfs.github.com/spec/v1
oid sha256:d05f63298ca11f1beeab7d89d7f1047c13ba4b713c736719c209f0bc4329a3da
size 1446073
